         8	    0.000000620
        16	    0.000000663
        32	    0.000000699
        64	    0.000000763
       128	    0.000000765
       256	    0.000000782
       512	    0.000000856
      1024	    0.000001018
      2048	    0.000001249
      4096	    0.000001786
      8192	    0.000004163
     16384	    0.000004270
     32768	    0.000007000
     65536	    0.000012665
    131072	    0.000024757
    262144	    0.000046754
    524288	    0.000091088
   1048576	    0.000179951
   2097152	    0.000358636
   4194304	    0.000718656
   8388608	    0.001435995
  16777216	    0.002808993
  33554432	    0.005704281
  67108864	    0.011604700
 134217728	    0.023427131
 268435456	    0.046997085
 536870912	    0.094448898
1073741824	    0.188161080
