         8	    0.000001693
        16	    0.000001652
        32	    0.000001717
        64	    0.000001707
       128	    0.000001731
       256	    0.000001786
       512	    0.000001907
      1024	    0.000003071
      2048	    0.000003209
      4096	    0.000003748
      8192	    0.000006068
     16384	    0.000006933
     32768	    0.000008307
     65536	    0.000012176
    131072	    0.000018358
    262144	    0.000031805
    524288	    0.000058634
   1048576	    0.000112371
   2097152	    0.000222020
   4194304	    0.000518701
   8388608	    0.001142814
  16777216	    0.002320628
  33554432	    0.004670420
  67108864	    0.009314184
 134217728	    0.018617694
 268435456	    0.037340596
 536870912	    0.075801504
1073741824	    0.151315403
